207100192
130138606
94650
6547
1448
192418615
28567
6718778
2876438906
160599811
54320806
67776510
1369876
80503
13369636
956654857
31609218
240
3385171
1619872847
68117009
56085261
147202
655471631
5685396546
1985493869
7319998330
12876259
4129784
2575564079
853386372
265033
1002599779
65517331
10021189
5538493
2220057888
803327657
4061536584
4327771
2094286
2167177325
2518400533
141065
8089747518
10021195
1242394
2220057721
2167177230
3050821
550
2899706
1271275
94032748
1218969728
905434387
1706148358
218932
10021846
15103032
371324
30022
131697876
813162705
240
240
67905653
4565
322
10021195
1939435606
537139127
10032570
6527507
25758
242780
15103032
541163
10032582
1900869699
3350
883593
6119
2046367278
79101559
1218971977
938702
397798356
9606023
1448294
35596
190948
4347
655379
120080
82195
82239
115389
240
2991719
5145050
110629
82253
75088867
1583
590277
10637345
154136
74892737
854681
251
1449953
258
1583
9948290
160
533692508
1934256111
45109071
13337378736
10291515
100849
763874
1611299470
4406395342
576033987
4689683
59681126
3739796
56645
566880
177575304
14775768
986884
361594
188658
4269220
546
1943920069
25963
34785154
72318
8457604
30056567
3034762
2092113407
2128
2780613864
6323
137657921
107070907
113520264
1630062874
1233353
2476292657
60326389
56840
689449240
91737
5351871117
2588704729
109368
15862034936
4421
25644478
4421
9443406
954113311
830810
58541483
35376430
3857943697
1871236
1070611
80221709
5757628
298069
191187041
18190
341116
23326
217628
32238514
32238
9304837470
1091482
533923
83199911
12631
216687462
10112768
39670702
1758118
1414484275
6273
26925080
119043064
1247743
1705742055
22427786330
296162744
191098
6639208
27589
1268850534
626433
56643
4957
1718209
7141303
853985148
11950
948691219
550505475
1686525
10695235007
550437687
10211
550491698
902500360
5881
30206431
103004
86813758
14458473
28031
129931222
461173891
207924
3067120
366716
1363387763
30206431
20140918
105320433
1440186205
51001250
3372
13079988
46772585
1522973313
68153
16244297
5361413
7089936138
2912121
125137
868328
4990174220
49176585
3113601151
63634349
142831
4133273
14727
7220
104555863
748504748
966310
18344123
387741823
69086
104713852
2504483
2602823
2441214264
104713852
342742
238938
1359735369
2073
2073
154120602
14610748212
2071
5889413
500708
22026076
90361638
21120303
279765266
141984
5574
780969
79752925
150238061
9596429
6118
535
252118705
79752927
1629998
448823425
116381991
10374
13746
1583
114627
183401
6349862
233816
4097813830
4549453
10723624
806144
897004
1237826
117380
918165
325050
5289688840
369932
1252789
219875
581341
12516
846203
74051644
1211968306
937981932
492100608
227958939
8934929
115702039
7579265340
4020176
22079139195
27985456
9416562
6062151
7380164
2099865062
6630309
929325
13680918814
368124
101228960
24072861
19271641
6762
446052153
3315320
11409
3044972
1634254971
653012279
13473388
4573
81760192
1676
107677
38094701
53995
923971
34821
87846947
239
5494046368
2200281
2200281
172143429
21448761
2106299424
1847213302
5439097665
2200363212
1849465890
2114020302
123016968
1841745240
29633198
47293282
38091604
1280654
2627
22667
85264282
17288677
1972
16413235
2607786
1378
1371478
1552188
9132
47891172
468820991
455569070
178148067
753836733
85147400
2911
185425142
12020017364
5621661325
49699857
22494938
4000802
84466
23357
72596
219650
28335
6348264293
698815610
10300
133999
22508752
1579709
4204990
3955767182
248480
287675311
9075076
1048687862
410850
81143328
3075
15673
2384475
3073
10303223
330
52296725
11658136
257577590
94251
49134657
595004
3013369
521856617
827325
39559872
208250849
27372721
50365
90845
95038
1119419
688082
189119
17881
5974629
7560
29788078
46389951889
181379638
53404
638211
104267007
392689782
372261962
14352200
80304
397245268
10558935
322474540
61158
205506548
14736950775
38295
409081
51526266
151838
24298
11090
185231548
37397
45098
3062815748
110957750
1819693
3518532
29616
13352184
657161
10951109
63386
32918
1605454653
63511339
9518390
219390
83873255
14458473
583286
264825402
1198354
107387
9317852883
337339
33847
513024
216994
6425521
332
24118
22683323
325834448
323
1928232
9973439
7002
228137923
61174468
6621
645911225
11771
184321400
176464867
7901896
137546217
30171964
282509752
68459907
6455013
168881648
77293394
1253
480935
47469
10655335
5664907789
2556579102
1464840969
56982
873275
379471
1166414322
14173139
62494
1371539
22
19479332
477310
170062992
1210
806625900
28229612
21570
98742
18174288
164757
144687
2841591
5377451
908268549
244216
47435714
10004816
1333223
1769744
609284
1342565123
13010055
3329
5372251
1336689237
13953
12977932
13560
30014
42877
22092
4450601053
2126
2358
928
1596228
72575565
1446
53956696
19461910
77461546
27402839
60863773577
4658953
60346636
30650
5542
3959718
88990
6569
2804466456
377738
20678465
22744026447
1471689209
48514
162971226
1036799
150929
3786
409761
3243057
3603556
170721691
803478446
4020176
6777
1564
553837
64733220
49659
803
3156607813
803
622106
550521070
24617065123
53077794
178863354
4521
2642192625
17629978174
7084756
434123784
192604160
580369522
804385799
3823439448
12380993482
21600674712
3013790
37435704
57447336
653012279
3181288152
183147659
16429
1020328886
10941748
1245467
37327
6300005
121590
40207241
26608
3298
164801793
170486965
191754988
113488431
81277710
109579
508587259
258150694
3013790
1310162
752859
13121728
156
244490
571039
27117532
507600
2155380825
131667
4534
16121592
9069236425
29718011651
53694
201987
231257203
201987
831514
1464
2383512
18030523
9454587
752895
107975
53149642399
1590301672
23477979548
45187
88060539
913753692
2323610
36104
570401242
91552
894426169
9261907446
147362
780809
2584
99913
10690384563
33847
508292591
16188593
9104964
63283622
4142983
2477
401322
82851352
4913103
53885900
16435
213869227
4992
170804427
242526
554151
47694236
6859120499
5534313639
246217423
1222098
632757213
950019
1109283754
28271
395
378148
10903041
6616072
497590014
6890277144
21032063
2068452188
10903041
127264988
2057311
11486095
3033904
14455964
181681
28319
157650
143525863
9131678
22652385
378148
7740
379698
648228
4681073
89181579
109713
858928
1351915
19623750
19380
304142
2427376
332949377
10781
1340079172
2867389
2634995045
14473
1163226202
596904
767272213
8182909
2136091
13648
824953963
15236476
651
747215
303
45132369
8206
192021
226844
34852815
173290847
1598
1130133924
656678
358341
539961
109545
96691
3835457
9084731
227244155
637257
149544906
89593357
7354
1253560427
37389172412
38167732320
502955
344968140
731218014
12429
82796227
199260937
5616562865
472513964
489021696
474707063
474692150
342528
203370
632116200
369916544
35496315338
780
1598
1139712091
19794
36538804978
1608082548
39127228104
574145359
1989758
250811905
210841118
217
188939188
1592899795
21447
108585
286000425
885655554
64237969
71747
36192196025
736641765
29105188
865842363
12387644
78586
10243786
4137
755015
42840114
12359079933
231381264
806345546
445206530
3535790372
31817889
367445741
86813758
57072
12200606
20277634940
15564090109
17902571
23837897
217
1568100421
2661144
116623574
563936
868328
109672
20810890880
805053362
4173
2446495120
426685981
1501491819
210251491
702238
61497
19304885
170250088
93474
170250088
19112
137085749
694886988
232101735
27126
1231006
183417
1943717297
334957
13173912
84679803
13692686138
359604
163406370
15922762057
562377
21314555
4935234
436100
4485147510
92665404
11580
11754792
5372251
4845355
3914593
215619488
26640277
936263011
5478991176
1559642
803987276
1964797127
1853867058
289292251
207683893
2330015713
60239940
3799477396
721616255
658802
216020
38511236
84089
26046373
155411
32193107
5288216
28313
374247
1033859726
1083463
17913297
102634305
204751119
8346677
192803792
19590375
4642
4069935
5107920633
185367834
2514776086
17594876083
178356660
11479242101
579560772
1222955609
246862
108527826
2000969221
490650717
194400279
70003628
198448
179344
64954148
172606
5501
39530432
793
36384
1058645
1138352
527924
33662695
60476
807070
28256581
5861760
8571539
63437804
11090
6473913
2066681102
22178926
4504814
5514070840
4935986
37116695
1179014
5633391
45819
3299828
18420532
39191732
4000802
163712
77764041
75809
544879028
4473682799
193393032
116249355
608587142
226008199
34020677
18439191
1609832312
188601
4925118
601791
5673373
23837937
1616062718
148243
35422644
75809
11384921
219302
103123846
181955164
1156963794
1016789
3429040
15134863
68252
11857294
34854940
81147
5694
200191253
163221527
139685
22605
60347389
1155420702
14403580926
483589799
13383596863
219287
4699016393
751453
9336513
3626946
11465896191
9659886997
29740
51314
212398410
25172
11271820154
89108870662
11562
2099620036
3008834
1907475
1496150
209838819
5710458
61533
13028073
386522
2648017243
27444
7675639081
165291
11965
61904605779
146565
11965
40623
53292
105948709
48292545
32258240
51943643
97442
48292545
337432
1536244653
270693039
599603325
34482712
491
763979
889745
4782099
492
6058
1080832
35604825
245
2031954846
9693799
235
138238
51000
303134866
902701
469889
295
19572092
5181
508988747
226
6777
797626
1377206122
6777
343206579
78095578
20904
477739463
49794
88788
783277
97686493
1763448720
11203
17579010
44717952
1127244
6853123
204751119
8436965
22
108850
320874396
391
23039
38096
23568675
37440007
170343836
114036009
240888857
1142
144433847
750106487
30180573
2697379563
18925909
82036452
737616
14133
1526884874
511308761
45171548
460142370
237030664
10669031535
1718723305
23885678
550366625
214602485
28108118
655778366
3013363
11602
1362
1413
486316
35608623
13052
356275
1907475
4062445
155038621
199158576
398519232
162
10295470
258540407
2331966336
365926
7046
5450787
35140103
25265
35098876
5158127
35129782
99465928
224611
5209968
228829
474692150
5652674673
38096
639156511
150832933
22081746081
2029
105219998
599946
278617974
8997844
419571
16014019
171974462
7217840
202339107
76136
318115824
787111
226440696
62149
59395261429
652015
52441844214
419571
1157176
206639296
651878616
65741636
1213457988
1690506
12796073
231236
3601779031
549370872
3542
6722629
2431081080
495931441
651878616
12681
201122726
8586
47170
321340
1176465
3860
966
7983
2941128111
299585
220275
286737
236939
5209
790889462
13058572469
1125399132
1722207
14702522
399490
2458676036
928194510
7970
8332385197
31142370
24127
7060728283
48296
932878117
582617
1556249315
308515525
5701
10529
5148024
312285744
10006950
275961086
299962757
1957312
1041
111354
26028252
3039439028
1556249315
5712
45976775
19901340
407876165
87056
3192
607605
7271139834
4144904
92622544
117040
31389485
977156619
10006950
67956
115757
1403
44717
558054164
117024352
153498
14611
57453
75336
1373
45395
20652696447
11710
90993232
951346
13705253
17474314
310739
125226126
1042108520
188440
20991421
1002449
285918
336
309030
3602
17579010
318
2303857
556357294
6935
47390
183203131
1093
97257503
3063503
137975460
1361496
4531794
87616678
220553
14770491
35127
119456167
123599
47186053490
259185
42840114
358455101
1109170765
5854542
592074
1103539469
3846587
103495890
1727675
11484766216
614342878
170255
84784158
214094777
319102
19564000
54860676
6190011
38096
19068905688
108277492
795032835
91497633
3127746994
1409
457491951
95190103
172947
2836296975
253350
20025406447
765
31115419
3206
35098876
13282052655
9774
29335111
432
377698378
29059080
182614637
9325533731
2614258
1156881469
11827321
47732526
276607
173656859
59241497
2398710
3497516272
1579989
751559
125058
237116249
106506001
5998835
39040960
727473
65076137
748049
14622230
90699416
173405815
697863
12933
576571270
4545900810
2449709716
697871
3911700
3232923
20444271
936270468
1763782
18483850682
1777139
1306304
530223
6079746
9989
95559
2180
264185278
4691
5559391
10979
17717673
217692
2206689149
45025
52628682
35890
85162
92558658
313073276
6772279029
4250951699
140996055
1660817820
38215577
3374029521
619476705
101793
12905020
982
407876201
435
22
541226
447362017
104339
1204953
283497
19255901
17470460
1954570
1662
38284918
2751923984
131857
11173013217
15764200237
4473207632
84381
7338414
138762
627217090
2768
2768
5675
2191342978
976983
13050804
231409222
7338414
38215577
215733827
7338354
8953930
2208
12273
4417544
57493
60743
698579897
295
295
2460369
132897119
6597046621
28818379
179983541
1158130939
10140188304
1158130939
11152374651
1427682841
17431
6767237
161668992
13817397
1449070099
16568634226
9053
3413689899
59896154
3981614591
47997
1664197018
68408
6917
1191116413
5463601160
901
375591566
976983
15464
233540560
486233
333051
76582749
6400756
427598
6830107758
2837174
6400189
795938501
558722
5475
1997017
46439
23648189239
24473
20276
5489
318756798
38096
13474
62879278
11866
6748281
575088
2334
377698378
432445
12963596
353574900
63291
30951
122475106
724211678
9735019
9742875
246440882
297317590
4473248444
3161
99075607
260794831
135171
86962
208739
4616220087
18961
33120767
550389643
8136
206287
1604408
30650
3934106802
2099628449
49345
36338
10518
247906
1668255187
588678
2841945
513735
625990
3959718
205815
14467882
1343
1584
13652285
919452962
1249995
47676686
4576333
23838137
13596751311
68514
239670939
204122
514057131
40278565
56881
112763
899
1287679808
1543240
53752
1074723996
80363
3850539
94934
17233081
1373274827
6419742
57461784
298472991
293255414
28625
12331
185331923
1952950
6953187
65076137
3742977
11293
12463
1426279113
15979150
828455422
2252974
1969
1395
317699725
1737420063
2091938
35779075
116974
801545
645911225
36807
6773642
12740
1129904054
26259955
290126596
541441125
1379214171
27167
9379
399672
17656
204903
134803342
115158881
561142
27858911
1407445
391255305
377698378
322171403
44884836
270296444
5226909
7849199282
66556
613064030
17784417492
66556
23566974
4484058
25254413056
29267624
497927
1426140143
2507089
13146
1166347
29153123
2372463
12905020
229673107
325113149
246604677
818130453
43445
645911225
1147174
397
1724315
790948
153918534
420874991
219034957
7257
2172503897
36571499
222085464
645911225
2651590962
313197
949123014
131253
1932
11804446
108527826
3668
19814998790
850372810
952731336
60916732
8017976
930869
273722275
28890658
82420
166124
2108075039
274293
31257274
2113818
665247879
528646
54303
264669
76827727973
709022
9400
36338
292
688838
13877
462806233
74278
103851480
429788549
1530338619
347636
62231762
191332522
168401
1520912920
349203859
8997844
54776
17246250
55735004
115090
1066522211
3452647
4930714327
12905020
153791855
10592
1076525939
4946
18182
1652530260
18182
65056951
380755
4573
307424
28561
18182
380613727
114700
253582140
964299539
951244215
36182
2337957
4309
9960474
6740947
44177
46610226
9265585474
3240
108895
1399541431
1482433
62292733
243085041
337
63450
1225890496
32199
18182
1076490829
7168
32324
1399541413
17140
137329
17664024
4573
18190
692092041
4095928
2739
18246
1110622590
10021743
1076490829
6050
1177051382
16166486
371707142
1359335127
544325756
6087
2674590249
323397643
35061236
2173192639
8065334
29331135
917330198
28913969
60417794
231291
2921149
11238808
74125
9298052654
77009972
403255062
73477016
260337
2851415948
260337
5387780
3540424
49470
1098390
26096
350666
1293573136
10022081
41491725
55493438
3910917
544731
2396154204
16394998
246236602
1667034973
224
5077
3634
2621167
217789321
20309961
113202
158762383
3558708
5140
8306
345923200
187166646
45652104
430577834
15789267
37823
2679431
3146517
21678
8845247
408050228
801460
72268
1272611812
61808
87577999
30382569
40913636
52555869741
62697
28886141
3165771
8937979
411242301
930028677
674650915
97538
56112273
56112273
296583884
132873
18155
430577834
25978385354
4595265
40921218
12019
1009870
59653
6255552
120524
82646
15636192
5658
160
11100031552
15569965110
11282626904
3316
18056264787
13438192555
19772710580
16552858970
18930534183
19669585190
16937761630
16086452645
18186978277
16744473233
16672986154
19230810965
19313919908
19033066208
10892637136
10053500430
18422075843
14271372392
78577356
461324936
1631067
624204816
7525
27341
292488739
2721195
21253277
8015
1099
157516769
2353310
232935680
12746003
2892608286
911369784
3358538
1428
184697286
326428
19469391
686301
1225995301
55828
15408
348937256
84855679
1564741
6815
3152944
1341427560
2230
24062229
1175401016
6566686
636588
10395
70661
13313906
22491
135903
1032921
15017429
194111
386255916
512289
162161
24749288
53283
218920
3455511
60799084
175722
2420533704
196566
84855679
4838330212
8456
103564775
199250
199258
1336
105488
339596094
35099146
1735356
1333786004
7257
7080787
320952
1336
1557630886
113728473
41746101
231409218
234061
58210
4624
7342010
301857829
8172
835193724
379765350
64923150
760412611
41557356
212863509
2081380168
25383883
45829435
1374706
3711193732
452781832
639605
35611390774
55159183
10938459
1103353443
592
717224527
33322
52960021
419298649
150481049
48093907116
3693673
7056810
1261536
813444159
231648
877902695
9968657695
1504225
40655719
4678
2180944
1572998
5699
270805
16995015
16995015
40891
915962612
29089384
8373125
17203527
507
1976930
60908388115
43823975
940233154
218932
1108696141
782495679
1522027166
6027505
1130133924
1265
191277341
55561299
29732
65483165024
170402
44993985
9178
22067873
451643177
13282050065
451001435
170402
9190
13574
170402
326259668
15748605
123858340
1132534623
103580755
45602
451643177
103580757
1355011704
40742182
270509485
387304
142699413
494079526
19130697698
2204594
102908
20964
114228
43376596
3694505300
1164826
2955265
326678
103806162
103806162
40912043
43101
109543
550169265
3198734642
73941
74161
921373229
103806162
495628
5363860
84644
184684422
5666980
2231357449
2430857437
115226717
12970696
2412906688
622364
6887457
2414387506
1712951
192664921
3321880
26160
2418503657
376585
8216
7764
103806161
185024
13073311
380710
103805051
64507250
104699644
1736950005
15073
60544594
202955451
63764071
103805051
645
219047463
344967517
16326566
93338
1525300983
1270149
4119
1184931357
327691
5607005
409741
3417128026
17081120
40167
19424629380
467259
234887440
475266540
9894874428
5555220
201638
12874217
25730401
8048
3057931607
626428
19211300975
6054277
59548415
15808266
380678
123836642
227256078
75076728
201888
10021743
965077328
6871718
161569
4415854358
1880
36829826
17837640
3383243537
2308
11724
53049822
1330627
13168939161
596123
2227879
9132
1532
1660786
8287
335588530
6831
19424628100
1348
1348
1730318967
141869
33971694
2897351
52272742
250873
201774
33971694
44374
1114483879
131207
594879768
18441624393
717257
37837
2938004767
81050
44627180
338392057
55077
13270603
356825440
21208654313
37837
37837
37837
70338131
1075
37837
1083
113782071
71875819
8979501
37837
20746764267
21269938
20673940589
7517925
25230526
47266790
17795814
11494011
49081
3228
281590
6290
4488602634
30501283
492515964
196058
637515565
56151597
15859237
6174
1021338631
183523182
1528654503
558293
6125549844
1810641575
1521668064
8760
150027
2234
44980267
247147954
213466444
16957123
16957123
1405355
213466444
11996
917115
1700027384
58790273
368177
1179792487
22159
17402
3277868165
11711
6163526
61837609009
1376582748
41022994
12204079
1409316
3208515
100713
1675556
10408438391
1264
33847
40603071
40393
359702604
2772
5892567
385166041
6302832
47263307
1489894
335605357
67777
156045
4702
71198
185172
53752
2395442
4018825169
652420
17680
10827548911
204678187
71557
2342953693
7842
3203742
902543
4662333
4032092
150756
10045811721
47429899
40662621
175182741
1480783636
1944703926
5153423
24420028
67683
45568793
197245
22
6385380
1763031
40217228
20577084
7000583
835427
15946
550423
678
1911732
40891
24349
91121189
2478
421701116
13752435
1489405
31699
1893041
1243352
1760926034
456682395
17481035
10965785
42523965
2905
99213
890426
327337493
809977193
53147281
977292140
2605681953
18295
1144
586497520
3862630460
539
638746237
251691
32258240
15646981
60008381
217727
559565417
1358
40665268
47855449
16038011
679350
1443360
2185756
9996208
38308258
19217989
1164593919
14570046
4280333
57507518
270850
2412202536
287301
471055
3682858
403304423
10709
66394
16038011
3649063123
16824332
44878244
16890274
16038656
455118977
1163226202
114684000
446664
176770
228640
4732714
5890
38458951
843847317
2325088
11248
699806296
296879232
4631924
1162406709
101050
518
79888059
1147173890
554151
46487525
54652791
1206195420
930090015
91066455
207130812
13716910
119070869
1137069030
17444143
969682
4681073
24971851
69334
4347766229
254
71121901
436693
2820927
17530224
48944673
114453
1945390
213321978
40921
175413
151944586
492703
34877
406747706
218
325703
8383118
169735934
15526197
7722
663505545
1399546837
213130737
42256326
118025490
22805
427634040
21973
83590804
427634408
858
14548320
21473942
73013521
9606023
1716669737
27927396
2446512756
4014
3698594
85632
322536069
5296
1552646
25499874
42252313
12113
124977
2504483
102845
10331389
834476
8245
11414418
291703
10701683435
775423469
108729
449714172
89801411
9622
322538605
549849236
11757129
16289
276132
51264
21900
5244
3358128
319138468
254297290
42535075
13117
2944003
199207
104034
19287933
510279210
92696822
1103468576
1841
14168
214168484
77317
25915
35838970
176309
24522037
237050871
21889
661764122
1184869
396962899
180977472
38222039
32423
13871
778097486
24057578
1111764677
6376313815
6326
362506106
379646557
4572
462126466
641
10300975
320679
39134
214577
31681301
148531925
2242895176
651878616
16706076
30767105
17108750
452518414
231407926
451199652
16706076
111558
45212625
10213978945
200263705
4372
371355
109390
133157338
16417093
35781
598464
42801
475
65760152712
3182439
2662475
24772714
123879117
8308185650
364384817
8620648
495403567
47684
56827836
211383
873114
1659952
12846274
4367
52711239
1013247581
54303
1406
1406
19501286
6534969
71928248277
3603446289
2363711
38851
65410062357
1309431958
65537485186
37226784
69129488523
16605481
34352331
629586239
629594651
656499
2705331
19501286
304294439
25358045
29206135
29109269
163078
26213325
23877919
1386441
1312806
465857
275205
3801784
29923902
1358572
605977963
479307829
949846
14558128667
105470840
22043
107129524
187600
6967472
1036799
20212
14610589
1808
13548833066
15694263
5572096
10433043
7181027
6882548
18717609629
6851914
163078
12586024
3838359769
42307175450
6529568349
6338665449
6275962453
1854810
191144133
8007
2428966888
3962167
56436
2491523
140855999
17207107
464071
9425607
364940879
225002
1330637
29923902
53827912
466380
2074664
4722678
37294545
19674990
99676
7404117
116207
212173687
650763139
5091
11494863
72153
11487
662783
785312
1689608480
5660894
33871
5794839613
1675877524
16370
164540797
284513378
7939857
23073
29217316
4367
2070878
383238474
65872
204845043
344576675
25187127
48800
1206
20905418
25264473
92621800
3769
111394868
675460
813899
8202557
31060414
51774643
1668032576
25264473
6128
164497
4395671490
29819
45168587
376941316
311810699
977173577
57285
19514
19531702
463868061
25520
12164
25337
46071666
7688
49874
19051921
5343436965
11530
18813226
319138468
31960907
2249347
53349101856
16533594
255538344
665247879
75398
74588
74332
14924094232
75976
353
94714203
98126599
16370
104895671
11910
7998596639
681
1964889503
6691182247
16424342
292744
787111
1251461
551644104
1926924
464949648
45062184
9317430
2645841711
3013
2621189734
152825
469653
90580
963544389
622372
1963
16205812
3564283080
1446980056
21875166
752434728
848702
2942849907
12699
66014160
24957114
124766019
1544
1602
62292733
15184844
83468637
1099953
2821563791
83468635
6769037
6652242
245861
3819706
9399186
12329038
83468636
50740225
67006359
10020774339
1230
694
41130440
59915512
2011365731
20787
7552
42592688
3475
290
83468629
10020774339
91742365
338110029
76588595
2097587756
18727
1720027481
2111645661
27568
67006359
43364
2415
92970
12444294
138368432
12647351
2655583
42215280
1855218
24649100
395
405345
161709461
22267693
28471342613
807
1547
196957404
857038196
7892
322991034
22564
33847
914589
10724
587237145
1588950228
34772051116
172119715
138722
7414
22548
100265
63782025
3970258632
16463
3377092
7876620
46173947
33153
16290982
8672887491
620478755
5116484
87220
16652814
52752
888273281
87220
104844
3689350315
13131900799
170063312
47142
700545
22561758
95774630
885872508
215585343
3184417
4396822
791540422
19214171356
79943
14001136
330527137
1571198691
18444913
26928397
3601779031
112565274
1790
761848249
19215417053
217504422
90214
1523468514
55768587
75197201
24232
34968387
68811
79719
145544588
33742971
12620628
5491522
735251
13060
114228
114228
4323952
80191626
970164805
78849
332848
20408786985
436558154
16535153
4990806
4990037572
42255
36014
14087311
755015
4531187
6670876283
7673754
168273444
425262948
527738824
2655971
68836685
122461
1019790
22548
22548
3625392844
318364291
273055926
9173
19191176
12429
38112
82882
191403100
552092
566397
306
6742
18122
105380
9519
60580
14234864
27013824990
95867493
1554822966
12431
2835161
12448
20756846
1089390
16629764
7950766
676765
224673
482227
78540
107152
168314132
668345182
893486759
14995245364
438495268
2023
677
22503
9972878
36846
1406
1552188
6839041
1963716643
14845320556
16716969072
12904741730
1806
1345
3686136
677
2023
1345
4621394
16780376
74584879
3418660
40407274
33777
779892
16629764
192326031
5126941
43599531
778949028
6183969
9459949
1841
61220108445
61460207
79411
176024018
3735325
122983
3916605
561301762
26297842
277565765
32193107
37557908
1078
826339720
2915736
63323504518
956938
730649
65233
603587417
11659666
3270
190600
35399096
36964941
1690354700
22
215895351
8254424896
81033
574200
92556632
1907475
17383504
162971226
862160151
1206658
4097
4425392591
361032630
247374703
27947604
235761152
19577203821
133700853
74615024
488815
380467887
1224095
2362
27888847
1946914491
58187118
85048838
1330095319
10552663
60639589
1832245
145544588
6752907
13981
4249
531767
3204889217
34968511
13262257
761022900
13262257
761022900
9967821
58670538
2479
160491923
74615021
22491
1300007
9314366
165597
943405
9122468
3211255
74273498
2873155160
243589
7016
397402
798269
60347897
2162082
131215
1765
680006825
518
33847
126768
23089
11569
2121201794
2741762262
12489985
14452981
403011
55618716
140764
689363
92622544
126999369
82467848
132575299
34003314
496087
25898731
13456787
262305
193145121
572378106
1459003
445731879
432504395
98778
28575642
900612445
281774499
362482
111819
6393212
81373827
9092
428360984
348488
5663
4540
420253
232787135
701502
2417959
23911
2371238
4352
1112160972
16919239
20701253
175442955
2575355374
5368
16919239
323
17817941
362
384143
4690357
2477
177096157
73759353
549234024
208741
402440316
165146832
12921280
27396677980
60993346
168703303
246604677
403558
42743265
1164738
6490099
400213
90692127170
17794725
791179066
267123
675865
802235
1463566849
406627276
327380284
20039428003
5676353
8815
759781330
223525729
3144107
889971
767229532
3416495
80270675
298069
759963715
3860
5012526
10367983
4503
48271839929
533777
77194
100034
11984927026
92622544
2960491
26221
1377736
10460720
100217
1536332
3166708
1438274
119750707
507
94554462
2263831564
179904265
4367141
14803862
23635747
764783
109935475
56731969
1993150
4740
9689531
12466942
80650312
1084861
1240
1218715385
5273175
215965256
14856929289
2680261676
674423268
1636202
1675791
11602895
700338
2153734
56260698
939202513
372426
22491
372426
33621129
923327
372426
1587964840
372426
303072
372426
16839949
10148237
95299890
10714
140678584
6805323
67181
43075
1886977729
11360850772
16042090911
11355922928
11487661846
16240906510
18586420939
14128367026
20347556473
376518
2664033925
32952
102115
372426
2855
5186883
37101162
19485833
224845304
105367076
2778221143
4453027943
3454
132886
1620
261755
231957
26411840
33762717
595160301
13708646545
17004389455
19247175471
1227514211
20085733535
17302798176
16459250263
18619896121
17271620526
17152519370
20000928906
17014796427
24993315538
273
2361750374
17290337
22146
708700710
1919789
172980
2387125
42369504
42369504
274
42499776
19728554654
19508401960
11127144261
18620440353
14692182458
595244752
81560596
3132
234
18739253310
358140
1021485227
42377919
7135936161
20012020854
18147544849
30474453
19257351426
20400851
16054568
197189935
55941377
45062184
3209380
270509485
12739
650785284
21370
43361253
650785284
548854558
47743327
1307795839
8917
2548846879
7981627108
2004660095
38195863
856758
72860
4571
371432
583583179
1021973
1663872
1406590
922981408
175734
1198435
1185
2778221143
2204
44716874
175734
11883965283
793584
1167404435
9128
255044745
48106
191749823
2007
182252
7555
27539
218932
400904
26428579
125152652
22435339
1137561506
2177256931
46140982
377361601
25720104
42556382
25720104
98923322
4114
9211
2484771079
60570030
16300153
3514809
821309750
973971
13555963
491565481
75339494676
12744
2231
16792895
314472223
2947530373
313207
3124138268
2845318
79250
141584006
217860640
141593524
141670820
48980429
716434
83433
1421
1230284690
156249
474456
1806
1192
3816656
43865
273170368
262090
17140047575
780809
90726150
79081328921
51316044
16499672
8101
21347
165264479
55056
35282
16499672
130398
9946
55056
1231351735
407009405
148757835
2649
69615984297
125410044
15189021
12306064
17651
1158865324
6830876160
66985057977
69801111279
256729
252840148
260345301
67249255481
58951
17766356
292933976
105538
4902788353
63873230
696916954
4385477293
75874880
225732466
87298324
1604847192
11743098585
5951170
62220335
951573
137436300
159502027
1599
793625
18830377028
315958903
63725689
893281651
12255
50087640
57766
43926
355939514
225689
40955533
9336513
79407
55718980
970986
220611817
20785669
142996176
3256
4740
5243853
132726
11090412
123790864
595864076
461144784
7337
3106
78629842
3122
34307768
322563
1228979
658318
804928754
80392
186587
5601746279
15641051
4927208910
504380140
631491
8164330963
295896
384799057
501880819
8731
49372689
2725981511
31300233
538
171655190
2723251693
4867
1987079632
82087429
1082036997
349803713
23798316287
74282
777403
80076039
141497728
108199713
4834755
2520385125
11737020
160672359
697100457
270509485
1323699817
807861
382570312
2259170
57285
798275
79279
246604677
270509485
4230
16900010
23124459194
155294072
810694310
246604677
22
67288448
49333982
36194
504380140
119650954
131593644
362
165094599
25664
11147101
19261
212548727
43431
13164
334521228
49586
5863
67230
4248426712
36011579210
69159602
385569050
1164366640
400
36040
54730430
11461573213
244285
110040917
19414976373
7185829
5457018978
1011265517
676383
24618325
36993
406494853
307114
8659841379
93474
1654267556
11068701279
55523
18463103
3088403078
45958633
16396442
16396442
1200052821
1387258864
808271244
6002769
2991876457
47930957
1358160
1815996925
17033015167
62971660
514127706
1144692432
6393710060
34010
61196
189801
250845
132179186
1239228491
4509242
320233914
117657997
23522
21076217
203809
262090
636010613
170481574
552310015
253539959
43020376
13692389
786903
832931
832931
128253167
42218167
127660418
757633820
42537456
41754299
68230
744771
42356776
42539369
42532826
42316654
127437530
24468618
41754299
11504344
720640298
719610710
719610710
24077816
720669189
728637376
208167139
720669189
264969943
344424
5069399241
96387410
2147
3124
59762529
4255720036
830094
670271
13466404622
1148455
8514735
236765
451
16644
549
8115460490
109517448
39048429
913933
3211595086
1235912
1307610050
1634459351
1940696
7273
911043112
1050131023
5220
346901546
1637
15179
65211324425
76470366
12021
490806534
9128
68822051931
45083558337
826143944
97178052
17461292
547979532
36270327
16312721
547992408
720669189
30969141
93177620
100532946
19058059551
87567906
33609276
188355
8431692
217505115
24484715
69155672
600467338
44680109
2925303608
2606609
9052
4026515760
998696304
2644345
763587
338024601
670271
9873
2292459
47112
830094
44311
1071497
13728139
34877
10637226920
14017079274
415300127
308755
34877
87536334
28811022
392072
1675
18069283
10216
4130
18715458807
39109
18795469402
18913727077
18535306367
17342192003
18684022874
17925327653
19328762
16073633
144948415
5070589
165766
70544
2273620
131412
47124784
63299001
31354
51966309
3924576
7073
731024170
387838
842418190
6053725
928417
4757937
118596824
118346
109928
5722
156249
92816362
535867520
1432228774
2447
277051774
370928380
16457547
2194988185
488940939
5606632
142613
379559
7064071
377681581
61482294036
1984751
1538444
5687
111907
109935475
405558346
2491
162065596
3039779
3820434056
49796
303613519
279659224
187749112
10391130
2435373676
981041375
1712381213
140461468
27399893
1140537
21305054
15474
208880
9261675070
60037340
328171
1719082321
1051219121
70759
17180948
305121799
328311
2164922036
331812271
328311
270509485
3398
47382
5110
1119
97194157
420809964
154033
65859889217
270509485
3628
1215035
733621093
1452180395
2548102631
43722886
42378330
404833
4716922428
140671
1213402445
8129884
140671
34444647
5544
2894121
90042
16271190
23957
2027873
43869884
8023557
14386
5652830
23300722
79056480
285020755
2028565689
1310265
570760061
225014016
380576
44080139
401870
7548686
850
2550771
119105985
23068
8158
189643
9268
303970059
7965
20360
304527
12969103
237906
21718560
310380
16614333
92961085
9967048730
11650606
8648
571194
20809979
11930668
2164650198
137636
22491
570191995
301100706
77781
10269948
329927609
57187962
392734338
90567895
1601364554
1533246601
403
93272159
5290065497
547904377
99605842
534
9604631984
810086446
65367871
975376174
2587
60797
5717
9128
276634344
546
148673
298170
10159
24658
32789417
11359250
457791
52983
3438
6327
21769056
202091047
33221
84145745
1198051858
626013
569868876
222283039
411168
10983375464
1909074
19935
213091480
27808
3242850453
439694290
1206
33509793651
5861975
22139663
5025638
944779210
74193660
17268606
47985399
6758
387028
2169111126
28653090
66349610
44404198
155224
2448
54357
2172360239
1188858
397213306
84156761
49559
459931
52506932
289
4232407590
267794
318228060
600736
2635063890
427
2192686646
127692956
83093236
80172
100303535
519549
9517554992
403
16054568
840938
819514521
46125
1236170
1039458347
1901730
25337682
192626418
6092502592
1559162
2036218092
39913368
489021696
16842
16210426
34270683
707
2264919913
1142742
33863
203731504
7294727
6850937
5371796
832702
24323
873290190
19354
899613
708976125
87895
87552866
9381248
798339
5120840
5744194
2164
624375583
40907370
1112298225
88403865
33863
2360003
583560
77130827
63690
8478082
5961855
105998204
1018163
7425986783
387
915136
257562613
8575837
637644
2073380096
13198
15642
15666652
4691459
129755
774485
93610698
7724
47106986
1856319585
352796141
139971347
147645550
3277670
20341
780809
472444
16394489
145815435
42451742
419398083
75179195
782590
1461145
2073380096
72157795
22025
17602047
3790831
1611247
69155682
42975911
2306
119670670
318996
194966
43153542
167607
156249
370412157
88044
985911
18018
37847529
18773
1115161
156249
1177717
1959076786
4344
312022108
2655043
912331
10454783
355
1429
214447
15474
175003533
3662135
1898
138301210
1078290764
4733631
1115163
56123837
15474
4003795768
256419
304196
8391920
31281311
720
20645421
53321051
8055287
15474
1888079
15474
248737751
2063221
19209582473
2367225861
11880984289
877
2313962175
1436794
5426588954
4835
7537799
668659
214958
53194
151209059
3617793
274377595
31070341
1232133212
54660
994099
902068124
1360162149
486028786
229803
1865848177
36341675
16083917
1983012
462
63396516
2275017581
531540227
20410379
5744184
798053042
517733094
1504815621
1865848177
131990929
1312135156
2216819901
75166
2062298356
90678672
54717263
10264170
2124309810
328850388
54863259
2064121
1358
901926
3829
1105118957
513118
193668029
296383988
68814929
267926468
2193939
334400
21645545332
381082122
113293607
20598
31376391
26979
174916
15474
1100175465
4146429
15474
1889714933
15550
11650606
993288822
4998450
96211
148168
9569
1381
306225919
272386794
1380
8843
106728163
584
55118016
5495
165774
11432
2183166
41262428
523222830
122154509
1468849296
484289016
604
44352785
134700
1049730590
60073579
2506461544
89593357
1832
11563085
1761966
1590976217
4337
42550812
4998135592
278611
81075
6777891349
2504236783
656454809
124781995
9460
94615
9460
1095051220
375
1636202
362264808
24070
150060
244229106
54720087
77106
856343198
203105823
4310893
34854514
2999423425
16171
91853924
13865596226
15454
856
314843718
534586
27304322
381494
30224720
239540515
28692
5749243
663780
21777
232619961
47983
57218492
4322610
835304
2084264
21444904969
2127163529
770038374
431358
1507939326
1714
6724306218
29594585
17602497
390739
67904
2533408264
1420802443
222983283
22951
7983
474692150
295567
1067226
700598923
437268337
1138611403
195
854073250
2235802
891243163
416622
113882
253473
2684
36747133
16220
1438586
4208331009
205507076
346861
145247986
223492357
128268635
1834
15036480
2493018387
117441051
295931
774007
478484003
649576517
475680130
21996
199207
1583
414
8085441
2857516
18486
14873611
177718
5449000
14873611
772762
624180430
795239
551354967
624180430
58650
98041552
4404603
110102
1770921
3928541
62659769
88408108
36952533
703805004
69155672
6834035
1320989
3629040838
389711151
24411
2153734
6480
4185498726
2948965605
390530716
206257
387
332348
540445292
28015280
902
61844191
323056915
8191
529749
20458556
1067425
7984
10301
3408483
89959803
149033162
347322248
237
952
89813
294468
17566584
2927959682
200089
2697170267
1377744
156249
420924
344062862
26176
7199262
98131604
4106833
154831185
431893
20031
15357
246604677
443953
4226
294730544
498
847083909
13748
265615
112794222
5711575
2382148073
640072170
112744030
2552876993
280696381
149913
9604192
182837
20606372
205506548
215
2067494
2766944
11519725
15373443570
110840
287009560
731218014
495878268
710394388
1654267556
766477
6200045
6997558
437142680
12164
2002595
62930
149913
43650
63123453
5251265
266830
266830
1245359
5963226
162874
71196259
3272076774
2377520
82337
718453552
1399546050
756020979
244332678
13748
204438
3971
64400903
560595
710394414
3778097
20055822965
2537450127
1367763593
9222
233370845
1843354
63155239
1792247
122886
2940063881
39581890
33662895
16199
7017
1549610
457
163542366
444226
58921
41465313
692221
231482
1628
82131510
16734585
74004
799587738
2768421148
1895912411
2632
386519958
7351575
27401491
49791
7745
452806478
2054716
24007770
100032904
1590
442412817
16752238267
1455336506
157601345
1803178346
117021004
23900783
541542
67904
449111769
198657
8135378361
115236049
143515
67556780
55958302
4232109
465501
40378605
2938604
12540691
13868588333
881707569
11026
34877
97410
11179825225
11389966201
2281544
217929
1483850432
11526
1207283986
555860172
1477
5993
1594340812
8762
6615743958
9879126
4067
266732
29578194
7141303
49651
114559495
905836020
1674603455
7778683
1507273251
2575391496
5286346171
2642595516
7911685
1146148350
15413926
2655043
119955
22564
661709843
69155672
311464
1844304768
101330
3629529792
3759053691
4209
6325
238648130
1118603683
849
849
849
9197363
7290
246604677
114522
3349
10181280
1761795
48615887
9199443
93669
48725919
59923068
725
48138
685
201532731
799391655
301697740
14614
68119528379
3112
165520389
229219
54658034
688243
10052372
2635
36692032665
3129
17297
379646557
2477
82798039
6048682964
4248219
103895
7263078809
9920965
8079272
25841421
33242109055
5363954
1536332
14927392
275
63132767
212324857
1083
2777742861
3514783
562846
120105
120107
1334712
250775
11326879
5837
189367
18641740
105897
853608
457645965
213237
648466
1226161132
2702
1236
890992602
362575396
35314
87623585
34402
8410
81601182
14316186
1401077861
64930543
29578194
7367975
11528017198
393478
462642
99654
106011798
1779923658
5916924
17711735
9261675078
67997840
204397
21026631089
224356309
2575
79513812
8762
8197638950
2086260705
47366
34391
459515848
2276319
1720
6527
391839
3864
654116
1362042618
204397
278867089
111521620
204397
925980882
212432
628618
176353
538
212432
988137665
359143
505209
885020930
111477084
3172302
2281544
51290
1948037089
69155672
12497101
134702
15555
21984
543381353
1469
3155689
228166135
1987
121301101
37082
29636
166778875
215940
3397183
10388357
64998
1153056285
270552750
405599577
134185999
1532
634849
42455469
193304734
1647710
5724660319
972170663
574889
1238636939
42458190
1036
11887
110134
20704792
84515852
50949
1465096
575826086
7941405
872
42469372
407147
296770
5477708
85707953
2992878163
11487
160604833
49983
253789
8187572856
7159
6333404794
7833067774
7357113420
7790382716
6819571851
7548640323
6593691332
212440
7357113420
37014
7509432052
81847
1855493
7159
1107800
70298
7391
891393
84003
23765988
38062
253979
3380842
138586019
164064324
7941405
1768864902
42975911
569738
66110135
460944
213205
8382
120857307
630067945
671895512
117964
42464610
11897584234
2238801550
932
16214363441
930154
19141871
42556969
947113
24126592
23259
8935606296
3445
154976
4067
18506951
5059990069
1010
23216
4271
96523983
116214
118749904
43895614
5715
1974555
155452183
7167
113687820
113687820
15769
18649646
13855879
4123358846
4005452980
6487939
139352346
152182001
1792426
5625
57328
97185
121053
39014
177723
96211
685987
277
10127
152633
635959
2180627068
949433
2201026293
132311
13810976172
116068
47420
1720
2044581702
207061660
170063312
47420
1010
3468313
47420
1553736604
14385
426857
47382
119511
1394388
8762
37656629
1010
122366968
412619
6527
1598
19274316623
1182
1720
92762987
2708807
17606777
678769295
24592390
7143
1848
1165933877
1848
4492554641
47959
4097513970
103663291
7424805462
2153994
473573
14360732
34919349
609388
1591229773
17949
3057149578
170063312
4141843428
101608453
6527
822927748
253073224
155686
6527
285880
193983
176
2662873
5666980
72785631
1527054
3402826346
4271875897
2323373
13326547848
38624186656
412522520
212517582
188133
31060150
3364248
3894
99575
235131822
239512781
972748354
2912672
65183
678769295
233856
1050223
22113168
84677332
769897468
1064135701
2791425165
408346698
13918
58301
85117705
22680172
1857
6668
213630516
42562665
75262
1153008198
38927526997
16016
86005864
903316
110697
554
217268
3130165330
353522116
675002
38265
4568171
110480552
1670220007
46003
5906
38879985844
2833574
2045895
18427702
4126912919
124206649
172
1398571
60691
15823369
1928408067
3554
124367405
2974715
9425
23050234588
39191889667
371326
180621875
15878830
15555
15992
4790
1454442
47993
467958281
25197989
27836170
1469192
39360469092
1046
11774693
1069
949
1409
4853144913
866
13816197
8011541
8394952
42517928
118605
712850
294515
133652410
3514783
10702748378
39627588913
9175094
4968
956
571419727
2436444047
18415953
1381643646
2595361509
225616
95449663
1493249558
225702
1478718321
75301
4273258620
1615516839
12412492
19023
131560219
39966195892
68367
1945406
122728242
111104609
4202537457
1597
15112
1687736
543856
456952
31524180
564925403
278
2324198432
96529320
1677064
2034027
678734209
4406
3140752555
1956385
18010
18383316
23648908
916254102
1520435
1821
6001736967
1520435
175734
87541466
4159964
79575
15589
638430
40169436243
1114865463
9543412040
4899
22544
26018163
28622677
249076700
1819598330
1541854089
1714
5074491
17171806620
1367206
40082089967
1510451606
81125
2363817511
153649360
1632552035
103658
2615961415
12097
227001
645335
115874449
1649266
1246799335
40111861853
82607480
36605375
96210
156546
7958
96210
41281098395
133128
20434
1681121183
22978009505
40204295906
1463200
4473
5376782894
8192550815
47988
501354
73824
14083217
13376073
10965518
8921
40113635821
32270
18086208
39315809
3844108
2213891
175758
2382042757
104729799
1600682268
35292900
3273
685944335
298
103751
1539895649
40191339320
924454
96578
177728
559917190
10261
39708778677
940134802
13320277703
349869593
2072554622
24478433537
2184
45742352
60780755
21210
1066699501
120411274
8994
4653104
90977
3174245
2661473
264379
1468558
326893639
3461863086
1899605
6520093481
442527
5782721697
2880
285864
1742516011
8010209
2872303142
20267305146
16571662819
2196154
9517679
20358582491
4116513
1281398
3971371
138049
17361191
1151
3874
363152213
20400526358
45806842
5596540
14300476
20377169579
50524466
864
155145
4818027
329849313
26426021
20381264875
82857319
133633142
22548
152365164
878198
270043812
484885907
20347258137
44717580
548772357
586264509
1040880440
612232883
422578883
148692
19973935573
322419
259855614
95775391
30955762
479106282
61682811
883108
132380
2508854774
98102601
6837891
10667997
52693880
12722918
20069028
1096
6950923
13862608
1309779
13862608
34054
34615159
15098719
485
467513
13862608
40089985
18429148883
890916
13148
117335
23812675
909226
132528
309266633
393478
9911
12884
5194
51119763
18855430
211972800
122751414
11502876
525766
4371679
249
25905
2666
7044790
9187
11721892
11285
2624661084
4641937
4697
2242935
987260851
2276319
124988223
1732595746
26891796
4616
2315350
2235298
740427842
62222
1043637
738340
122751414
3987
26819
91309349
5276
137909
28417
332344
522464269
749613796
31381545
252940774
973098
378
15992596
11733718220
31238035
8870054
405489998
2902133066
77913673
846622892
18239484390
321793
9764744
18360088717
56916859
7121535
18257
17383520
733274945
18432520667
583711326
163599168
117636
12574745
4312
7403
154433
18347097509
492
63420683
2633696827
317598316
47131271
18143540312
60180222
82239
63420683
937784481
46087
8408616
9003
4379938
227
2405
42520703
291240
17928092779
1632552035
1400213578
3759714
1618453
710
572809137
288312688
216914176
940462761
4845665777
1452180395
300888
2756762
124845
476562729
10278
4936068
3213715
99882665
12353
4795230
1019897029
358472
74120317
300562
269715
11524480050
245102510
127748
4580538
285233436
111323454
319120
4946312
25277767
1065
11279222
440839784
4943160
5473366227
2002595
1086822
10718495
4079
8966
777146
148711
1289517
130255
927890715
267794
568602201
6421492
22
2218
1646500
60051415
1053191
2944
465
30796
51171744
223874430
172778090
122701238
78713664472
12446553
205542490
21442527
46281623
189637469
21671224
21644
1239809567
243682121
564694435
3665
47211433
777081766
60570030
34498
1326816042
1085952
630260267
47567
155741
66393277
2599616065
5006396148
3491
4202
10468944
515
1145360502
9593925
6055500
82252012
15486620
89724712625
417320669
4627
3472740766
78761182087
6500851280
700884322
1034582281
568827124
40730859748
4127401334
129020696
1269989
2589263
30569616
20447228
306375421
203809
324
1838137644
321
2763
51276975
6569
8379623
1913
137768
1913
377962603
1009
2257
199602589
3612398
2293394
64573344492
2811476092
4159964
3553402
65869881
154366
3880955470
6012024139
222701942
132716
5064
1583
38433
886602304
27144444600
663014
13422151710
358088202
19652346270
756632
11659
413
293003871
42447
3472740766
2988731053
707658036
4821
106370127
1426116889
21874870
4275401785
19747651572
1732111
2372680446
420809964
152016
113855
149268335
292799779
20351781034
22613
2392930065
87004817
12011
3018
14610589
119127085
273598020
2456607163
720711
20751389493
6547
1430398
493273093
24581
8552
845822
6733698
360737708
6341
323343
114622
372839656
11466163603
41136
1709070441
20273723759
47510
89398045
422843
4186
749004288
20621215144
11381078
1880892448
524110
2072398
245292
2082
782352528
608700373
22
392532
18025
9148239
7648577
122791442
239727013
5969
27369
1243672843
14435260314
10875183
5837
886615228
3995687017
207374992
83378
134716
55268224
102924
16583
351155
207114405
2812422
373
1580
86025771
288312674
3318886650
267926468
322293
7801076
16345659
377543
18019
11540
3560
150003
80406
156249
635290
227252058
7322431114
3860
1171599
74560
6064192
1141872
57893
1246393
109102
277555563
11556268
2043633
8504002159
113733
986671784
314271541
333640542
5261288
1052
1052
16606421553
4051886021
175241314
3380450986
3806
338
17790776963
6512708
1944438814
43759
18579726
809883172
380
16691656
7660
1075127
6391575
1473575
40719
5610
1525226
212947741
7322433426
61569268
96466363
215193
149138833
1059992
2091461610
941438694
50686
553962903
5183191241
218370457
11408921
4006
852922
111896
2055040
66851896
3490141
178583528
1010
5118
62514309
709363
221544493
10345
47368
20735
14262
39913
7946
37670
404995373
1714
49698
339312
1468016
3165925
2324
57578
57578
2459
216626835
8730
6325
3349507
1837
445
7151
22125300
100094392
2038019649
320849048
246048078
212432
1646491028
17607
213224
161687862
29654843
38280075
3842348
2346273
4370418
1979
111316293
83109648
15486620
456699
1280677
28754
1197277071
2677453997
619380383
4539538
13584806
183473
202716455
811811023
2716487867
5488686
217201922
893715
75934373
11506743
3978806884
59504620
43872576
3956
137821
17205
68388953
203857
225
1039196040
807367417
99595010
3277676
99675061
596737120
3942783
137932249
2057732015
1391482
1138021356
490027
27661
1815
21535939
225
388047
263960712
725
30441285
985158817
869223340
490843
22469
753416235
7865
56951893
2594069856
4419259
85232668
353
56526322
2772
206717171
11006
345216098
9128
3165927
3165927
4856976
213050
2745308831
2524656
412923
493487197
480130937
305868287
859369639
4831169
12052
229728648
2472772700
502668438
5469017922
17505744
44917644
1204620695
11269893
38073527
6123083621
183759
512386
250353413
38096
234794
8293402
29923908
361448
1245927195
7914636772
390859855
366822725
114878083
33593582
42623845
117319
150566186
2725468
246443224
20756
300421
7279896
1808138
1327821
1400169
6850837
2428637445
2429223184
11466124501
3549379
3549379
10051246
101371988
2891
201516007
23315569
22006905
16054568
3823957
3455409
3479092
4140743
34818
4059377
3485106
422410963
175238707
423043
51303
261832
10865
52324
18548
15836195635
523
194794
17168617
124066438
39239997
217032
1106817081
9190
7143
256729
285219717
4206903
34877
140010868
1512780
31092
680692937
47368
142249171
72250627268
2758519
545066
1152941
3931276272
52660803
6941088
682705368
312
22544
22544
58555
150905
12928
157677
43057515
622915411
466
295698822
22087838553
29081666
485
421112848
8593
6741429
261371
70857032
927648216
161308793
2049223195
2860
159134
146960
6838
214696
1185587849
331889357
151379
43364047
15396
140547
3571
2909462351
137340
2129773588
14664
88221704
7074488076
614060
76982443
188452
218932
40466985
530781658
1005
632043
22303379
19621
1532015827
3873
931
81500
1635137189
22903
1635137189
730952203
2430
61936206
138033309
1115
11927084
632043
22303379
614064
1573237788
7920
17069
138160195
14223194
22887952
249359
2055154
2840
22889072
8768
7460
26244348
342837178
2151155
96615040
1490382
611040231
4923
1490382
390153
59458
2748500613
94092063
80142882
22894056
11823
1084273
91146
319129
1806646
5446244208
11100
191311113
11186165
1551762
818572878
942531597
475621
24945436
897083489
2416744
5041
1701781766
20207
9356
57707
9317430
17645774
12164
14866521
923765
139450
53995
39899
202927987
1895229
6024
11325
22544
385807784
782859859
59458
1202
27653696643
367920088
38480566
1337804
1449899
2386814
265381
34877
19792
169657749
337
2793206574
257423
12576
1343353624
82807363023
10701262
4765917710
4067351
6952788
20546814
21007785806
1794611
2759183
82949226517
12401
11639
1760015
41247
127368891
27223570
1171
7021294
69312
7020310
1712272
8657939
47967
1510289427
2879429
11341748
26674
1668559321
665686224
5614245
414955
73334
413005292
4229
632218
41156581
57765648
1401506
1640
115330
470410543
9128
641938
76075
6395985610
460546118
12588568168
43404345
1359996
23951801
671894771
3778732184
6608
2790313
932453
1402633275
983111004
5545539389
173035944
249562
251733129
43810335
11061
7737
1879166634
9160
608532
92706
17815
246461
2451478277
350191641
1916914818
332890
2994807
51282
16746525
36808
113775
1594
113775
106937
1342819892
333453450
710007889
850962
570289268
414264753
619598
95561
119682
17928
5163
2816
7732
9746
7231
7942
33875
8109
3942911243
2844341
6820918174
659170418
221874603
138344810
105998116
8324175
91110553
73386
705390618
672826243
2193732
12550920045
183401
7832
242
344816688
2011945
384799057
601779
205506548
24277098
710631
657257
5927921
2440139258
2440151467
1814147
566705059
101069091
2432649
18868177
45151885
12011
750240
4066963
299062
517712
42555355
24407
205507280
2122832533
191311113
4007
11516
9685803
232046
1454598411
394
166426083
1495
183506754
205733140
2408162979
267652
2892
198840
9476185
482611503
188357788
106477
173134346
382699643
1310265
499655
4871898455
1800457158
85501
31740
787877
85677
3075802296
2892
2892
55343
49999292
31740
72161
652946140
43810581
34474080
6286
22936360
104566939
90699318
33759237
1528041848
2840
718559344
315601
20617116606
3826417850
7261
23945540
10743870
1034597148
1279352
5276028
819234731
36321444
2394924542
15023426
279302
13442
184489321
18366075
270507
8933723
138510069
40878594
31182567
12605
276218242
67628827
18366075
612
2382044411
307935172
1312145
69015127
294892660
176832
199583540
17159
8680679
444
14458603
1631875408
22935400
13741
257446
136422457
600404400
35263244
661038921
56849597752
1307
1589517
484610428
10549
2020
1587730558
705390643
83185004711
96961122
88685
13474737
1449297
614069
20288827
1632276
220698123
22164717
42233491
11552
7775266
32881383
3238191
7571514
527606
517964454
4287250
33847
1170
237049570
305469789
18540578
144454052
270
1878052
159149
2504483
798275
433521960
72155
394567
2577472
713922
25279099
109038899
433521960
2061223476
1073888
86493102
1099
42549082
10949
208929118
597251189
5377152
2904840325
2430982
49590
4339093837
86989
151551957
846793596
43701
2742040
2451266
37560
583700834
6741
5427453510
95077
2127
378415578
119837
408672
95340
11752078
47597
3954957
212432
459852
5013967
15976638
7143
1010
56752591
1055041
1444609
4516
34352645
3580944616
1985895606
2398
3048534
1356646263
1096875118
316227
6469
285915210
6109178
88362
7183464666
1142856
7643467
5142242573
24725703
1832
199228
329070
876428
952888
2371471
77715
25305247282
16957
534789668
4171303
52196
31701876
320145812
40825342
42801977
16287836
6968681
32975834
20530451
9442
247
1265387782
382259
101070587
235956
45055
14873
7767
1432512
57557531
930289
56524643
203015
328972621
55958
485
359307
72709
93614
973
1497012
197
129313355
177695
589242990
94856
8275579
175730
101067567
320839372
338549
293576
193519830
267774
423905
637771188
42418
25309789
536259
15303461
2479808
72073
585904566
253477629
36160778
85097298
101067392
143356616
31740
183401
348653
6302
1358384
182551
85096908
2562
328
12343620
57067800
159548805
1920
391828267
376419
950691900
167438816
3280289
949436
83769
80646729
351464
15467184
24563245
4039
1298758
15378925
3713
18168199
158101056
378755442
24413032
91204313
241666410
155297971
325255
33775
270632688
185285309
514090292
3690
30477276789
5141124725
11837
2977762648
1671420
150210
7047765812
2843573025
1266782178
460578100
1806
679394603
8460652989
20868965
118491
22875855
3393
895502
2490230
219715
1618453
336858521
464518899
839
10337736323
711664766
2163
230548021
594109139
1557661347
1513528214
48161680
37188618
686890893
240763
377732274
1772028903
1556527190
1030714040
1267913
2160347176
22894056
1733006
135059
45787104
373998
10878184006
2640341
1702
603596917
32458
8570173
197069200
12569922620
602221811
21989
2744650
11494011
32088597858
1802
3495812646
230
643132173
1868170
1604994759
2130182860
1239139424
12856
321103879
125855815
2432415342
342915
408685729
132341951
1461852
28350
8920652
229987
57416
1592874120
1745
817381882
2302312
4507143649
46493357777
38306344979
5909861131
29541
1839476313
34352336012
29541
648082588
8222
30566950
9706120
63490426
664114
730775758
147568
97455
192114091
2359763
297
1718925367
119632706
707805069
5338869
3297953
25920397
11514
2790114442
9128
2901871703
20124
7649119635
1175
1400212465
1400213233
2433797620
3946892928
101038302
11083374
3864654878
76125890
125330916
2309737
232033
24636
1696476
1918863409
9156
2759786895
958781772
228080
338845568
25076
4176912
723511460
1726958917
494
227
67612443
1095715
4438813
14449798022
378
475193450
124325
31402408
1623469
3667204
3818373
467668429
172924632
1299083
1877295506
348251904
499495
1712334619
725335489
82001275
12467
514791414
298267
2298
77295
324796691
281082527
2288507771
4529560513
12774838
580339676
464226519
410765649
9877857
198566193
81395268
21422
16914
103570225
6421153
6258581
1024212203
4097364
3826175655
4097364
24328
292
101066078
22
304158
1400212918
88274597
850088158
328955282
3643284967
328955282
1799855863
1696
21271
150687807
38240
85659109
1295471
22
396205379
2018417969
2702262
5045731
67219
12403053
34877
171767
813245
3953294581
38320
306919671
1789
3291537369
949281
11006
2302312
19670
356667
283742714
699646
1914681
101065365
20689
3829074
516257
183401
203809
12016419
728119767
624997402
4334
358266
412548
3424044
5576947
1254
4998450
529
10960871
1953351
4697455721
202708856
71177
5258184012
2075
171092
608329
181603
201860781
1699009726
591236335
526641
9764
1101840732
6073
9663
29542395750
14625238
1425918
6978101
1336184
626137607
82803
1294500
812
144446662
163675
163675
1623306
444111
22
4231552
1703133
11083412
786
144947425
18962
1226150311
241069447
34877
82195
2936535
40957686
2936533
52193
52239
33177
19895560
3217
196204
178844
1788151253
4807184
149737
6579
190
1256563
546224286
43555
538
2158324608
190
1393
1344664
295168
3431583125
1097652
95732
3180206716
470435
6694581
319432
28438
26477177
15277861
15277861
820804
278542
114433
3617281
4152722
1428484955
219208
22633
2203753
6768500
642256454
9451544349
166828
4813368
45831862
29447950486
5384837
3769855
216304
4813354
115800432
1060922432
187072
8433719
9475655
12184531
3540138
294747
7131296
12222
2019135
7131296
8174917108
93817
7628
4323752
80251
5982
432077
216336
83772
453119
156507
367438
9401
234910
285648
2261276
515866
213208
21186289
74174
634365262
9150
4693752
21186289
2048244914
18689637042
5404165
1131597
270729
21186289
125069704
76125890
4561131
130552
144152
123059572
2319906
2461208175
1260133
1885279
3422763
6217359
6101
6217359
218403
574318
6217381
17067213
25386536
103127144
2876729233
101316648
1218971757
17836
36772
37901636972
11690734560
1580882
2876729231
51361790
26413
425262
425356
396030780
140807
3426916
185940
2581
11405
182231
126265226
9272917
771562817
684127144
11282469869
164867
1763960
114767580
2382044877
1008
8501391916
254
6112305874
2831741393
938
133282
68314714
114050691
2864957
1096855401
1608
119817
66242
74859
693012
128478
65376
110075
20625313
1574
203367
6664629
18163301
306
76618
1999374
5510810118
1423684893
8465
2404974493
20626260
165271011
3212524224
23299
8202
749880451
530071
31697
17740392982
29966
542763581
18650166
85260
225
1426171979
2223077
172346543
142542202
541649859
225868996
14553024
521426
69155672
1984406
263734
3291622230
4874058
233575824
33739469
16425
586355
171127690
12881030
347477
187698
160341
979658982
116096
187698
4249166170
7462855
13368
15825
5157
1144053782
5192983
209397
4964
14582
14359
759
93441333
141583
5300034
33513872
27138
143008
717
2142
240
21399449144
164407151
7414477
34877
1736477
11522
20339157
425754
13589389508
29339124
528634314
18224151
25363872
51314
213869581
1112971163
225134157
474580258
100629
631093
63163031
25322174
768394406
60335773
30895249
2627
6667686632
3037521
73187
2670
36720
534330446
672486503
13302369
67945700
202710758
305586
249800
56864762042
13810796
93812
30570694
166364973
109561635
126182372
19081796
141547
10366496
25277767
2793077
2216674063
96656366
219970
60954531
4908
4379057
342612
284195
167243896
1814147
1495579
22327099282
4377297
4577
1011766
1033874642
290416573
858879
1628174
67611648
8762
459174
1086974347
4208169
13726550
87777
660163776
2366
6904592
1382271145
3533246349
25321628
172435
18565334
767892457
1210180912
2195
3952
4851142
3952
682634
20329602
65999
13609350
940159750
130430105
378768
22201760
259
17482061
3762752058
94216911
15976638
305162057
16228410282
18555565
1224017
62981
267774
12164
12467329
795863889
7288
872919133
6346107
422172438
22558
13090
15105361
1075506504
2256066
257
244813781
3852
87105127
10275348
283673462
6178799
3952
180678817
6706
387399737
175537
22257358
86001170
139641142
10086
276604
5887122
150560
99859
10935660
182761839
4818045
1446256936
97613967
351
506513
318767287
199245921
13258379979
586451
3774340835
1446461
22592443
2688193
586403
16062472
97808786
3336071706
2921369
112463688
789932280
21081
145939
1438586
8370
3816
1155031
306556
611027043
328305348
3256755197
22246510
1437466762
339992
249084
755271
173668
14188609
1438586
308775
11008
147098
59290
9029
33847
7084330
7005136
8213
4621734
13695
1437466762
4555305
3161805
53973698
119315895
16853270
1823
149526
3628
985528169
12458
114591446
376756
91099173
11514
705560403
739476089
12327791586
98991965
3399617
718866
5326
1419030
244
106788332
279981
186129
63924
976256949
62643382140
10365789386
57621
3385
446292822
916254102
7631692
21984
8514316592
5332667
12735
48097138
15605
60335773
74031
166209
279
1093142169
252570
294084987
278
19339
11583091
145725
51571911
2472976833
32453661
213631044
423090
384308
529776463
1006448
130480974
6057805
347358845
3930
38346
5175
6221564
7128
2935064478
1567863025
35721853839
56521773
38393383565
2703305
840144888
2157175594
20961279
380562
3403294
12084
2316
755271
1446185
756801
28534344
775386608
3314619
13051
32119451592
391513894
4404765
1018419320
328166516
3454568
135830873
409382
2414639
338090255
247772
95786
7744911
1394571
1319767
152081444
1324026493
3143291700
5693549265
9805180
101200
6016224
52512
396227
856564
6041
614085287
3306193258
548
7490
16823
9460
228159119
9831938
359680
113126
1071441873
1252671738
468535
13516
17596047
46533641
14440
88728322
296661
270043812
1104663
328955282
16091078123
22718059
1131659
2005641
17838
463880639
36004
33576
3606168
328166436
1980432
716943
526244250
948161199
1131659
62261
558891
305814171
11810353838
25824
2895939860
590
1843904
246604677
286
32225254
84626102
1338863
527467338
205327651
8114420
5027597250
1513
13674682
2742432
119464273
207306437
207306437
11323418426
2256066930
36341675
130264628
43097
123059572
840682
274616733
62321760809
363537502
152
9392
217132922
696994200
197705
4516
143051
4356919901
2618116789
35221889
20495
32828
193828
1030296
35177
375582927
402609817
193828
132886
635290
152356140
193828
3942449417
563531
146669
17777196148
807156097
344516297
791
2630646
122144387
1721625
911
49753975
555074
32836487
5397
11324820
203809
482
66612061
329620
5419
702508
4225166
267794
426289959
177282798
168
953
1233800387
685
2281544
1721611
202264
186385523
6992510856
363536578
126925
260881
434617238
8158338673
2060061
17681456
216600
13715283
8260314
151991971
2630646
859608
3411432
2075940
627394
85769
684855912
37521511140
215948
11132851
569457
4159964
49796
6413952
244
258427380
418387525
18360457
365398
73759353
42994520
28527162008
184967293
59801
231
428
557573
1241312630
22
16571976205
1443
13717
313073166
2599567
26219
7141303
16064525
970
21538853
34995
98042
27103244
47897
272990
985095939
2198749051
11637799
726189112
199964839
118633
7844580230
9503
551084
368686
9473495
3097693194
1852
200067268
111314
1150146
330926883
55928111
563988884
45633706
125207339
528889
247006947
12154439
1628
2908
511504
46134963
13505230649
247410589
521426
22569581102
124467538
1000142695
3045307887
12431831547
2020
24581
7515
77047633
53258749
1143496
188003
87753781
138619931
50630
43887472
1029023
843594229
14901
53310
53310
500220839
9944
2001
87630
524965
43567196
167311
376419
568784455
1445115757
497200
9420
1510392
17142047
54210067
54329666
27403567
8034
1667784378
25958053
1877861953
3217763
31867
132577
13311029
1848669
229763288
7682
149641579
3810067
34757963
198236418
11828
69155672
6656938871
149641579
29043
9857002
174384
4324
3496
571288
462
152802
1647384
524122
23429757
2086131
600634731
14803991239
5931468
3471706
5437129430
1330185089
2072941
4649549
246408215
442874
494655
7141303
457524404
601
22491
15042317
12175
9564602779
25989953
57963
31214132
1468583336
359334255
965598122
9544482
11120
43902255
473459626
69366
14840314
105426416
3279
56034493
377074018
571
39487913
316406751
34874426
14826025252
18030
33916792
62996
2038758
53171761
2050
1599
59088488
1207075655
726447744
47515
149953614
491331
566953
359675412
179393
932949826
676336084
102264599
322666
11824
763295040
677
3341916
1417886617
2038758
33916792
1056497675
369922
34874426
208349190
1449919
694856683
70292237
202889296
385
230
1582101
1747693758
122339794
173369861
3581365743
321220585
95051642
131273
4137841803
123031110
195428856
125272515
106922
1451814
78714
4328
654447
116364
686325627
808227
37269
36595
63504
42597413
16060385
25664
337615986
6828173118
34004
12003812
206223777
222156
221955
7028
47229
173292
200
30383
8503546071
737539037
1263993893
1307573
25279661
49804
7739060
975829864
3051896943
3609
534952475
993939
41754307
11293389308
2038758
34874426
290642
8650036
589722760
5127417
306403
11331
5092668848
1289214
35407579
3476448
533175
1417
217524785
103743
1415
61898
1891889958
313503979
1562884315
41578
1194361
46103
44562870471
34874426
14023766
501
775692852
1202561
62633059
11524572
133209082
321220585
2191680979
12762
11125
7592
5531
258308159
464
1044785
27862821
12254969
25861
33115529
258853867
607172397
4832
2673526
15985178
9029
13792
23401
46556569
154964
6451389
16724115
58039739
1721595
93482
410169
19644
11200462788
671841
2800738
432142
13850
82904817
9026
11809
886543994
1632552035
349652629
958184
207813
759310665
4056364164
146875
3159907075
1472769710
2047024
25102561
88646148
2047024
52597
8465490
371424
35017026088
4021544886
10479
35009269262
76907954
2598796015
46419
1623243143
13331570
308412082
164
2776737262
35021555685
15991594
26263906966
15991594
30879820
303188
612626607
8924317
16425
583270689
54846
477559111
1270527
1150146
40052
1730222788
57839184
9543455
4288735
2385545
13778822630
205506548
195111
70055
44817363
4113691
494435209
66587120
538
398818
753277
2427504893
1810094188
355144579
903861154
6529
1914681
2648
376518
14589185060
72784696
255441
3361
71853
118403566
756993
28279
327251
298420
220848
3817051875
689995
716143
6112187
40217
895711451
18431413
142177890
1150146
33731024
78357800
582590
610285
482556
4362139
59822
8713
3145141
364237
6917
1096840
17100942972
135060
707802
1451993
870350
4023769561
44963968
1845425574
165903
8599
8535902098
10128
1342581
1541788
39062
465659401
80847
1202
88174546
30788751
6784410
20105181
291
210287835
72664
547189995
1484137106
3450
884084
1795109554
279964
184148850
42527028
21010454428
42475283
1113069
2793165691
6904592
580793
395805196
2080714974
2721270
246918
141871
3029832
17018178
1402044
1842793
3842
14885389
59432350
1089547
11274
6030894575
2934
259951385
6964381
125477571
1021392
8966670
1242427
42527020
407426
99409
2239839
1076679
5388751910
436334036
142123
8062233236
25073
451683
27733866
109774
530228
101188289
15365629
163028649
93709
14660
178788226
233012470
1303170209
6447759740
42534111
12043056
6503690890
31161
771010151
21065011
519291
786674
60238
304993
312480
7617281423
54971
11900
11249
4330
147960021
3304309
1677
2204
12361
168009
4279
5544126265
258305
320776555
930550
8684
854194
612203
45910631
61365
1854
19511971
90953
95234
2045
226045710
95234
7456244841
9346596224
49303
2506630236
3283548691
10570603
6323
3004155138
14244
2076455720
282204992
21759261764
22798
284781502
821581301
72138
523425
1307
1623243143
2427
7678516
38587496
1252666206
3007573285
399775
1694118340
56840
1433633217
551624722
1507713836
89713394693
1924740280
26277178537
4843
1014593191
1605183
11556268
193175
370629958
18335110509
78751070339
59310
213869581
101168352
30148
888619
2896122
5178
41636147
2609625030
78704679479
1220454
2885
3587668179
2092063277
1462854
64564611391
343
59815
95008
125960068
43285
3656675
91242688
22932280581
10634187163
40723442971
13864347
6723
53076235140
17586478
16054568
213606950
27138817103
237088
19012
1619346
533335
1449919
111497591
126425627
36063093
1544110083
1329322904
6686
1854697100
10665724113
21831767
18593979
705617615
526549982
8933311
2305
1577
2023
94472
259
82803
328
1032864722
1515
19147657
45462987
3202
23895160
14506526
15403117040
1344664
883
745
11086
6353
102059495
775101
61380
61490
2259104
142645
1369577987
6134893498
250871497
54912003
173637
58663
395721996
474146
1723
10483
113761066
122747870
2783579
1761
1015
106250140
1282159
3403
1545
151242894
76334
202943701
7438
114888404
9555177
1414
152593255
3553
84909999
137476266
1071
1604
104037676
2179
350831645
31856
2442252691
176089
84409717
1357267852
2384718468
448874
3413
860290024
4604135
580485
33724652
4884658
6296280816
6296281203
1485957
18945870
3043189
12335899
62292733
457
5660401
828442477
274902
13322
107789317
494507808
1774543876
4020790
860266382
460248593
274902
199784
199784
81096928
170103770
33000538
387464
1731332
340156703
170499
36730
11163
8902
22537
552671
166685811
38212149
361133366
917549
10567083524
99701
3154077
1109587
264167
24232492
35828
657
457347134
3676887181
2374612759
1251
48077604
182220103
823
33855
2372927981
860297048
3319491
17348409
3808208
1539535
183028
1133186262
10680
2342407881
5269
33559390038
59273
180541152
6590414
93915
7991
2242
245344
64777
134718
22544
28533442
1251
101124613
101199595
1233784
1676259
183401
42485541
254
798
114289
23972689
446126056
19522074
71179
115656708
105406893
1400
233581
798467674
1857607045
196555
1133167208
6906
2114212346
10724736453
678492
373297
289643
4249442
131183
2788257756
19296165
18272037
350322
394655004
10729924595
8434
1714269819
225223334
6461
11580781
170687527
6951999
3863152569
104871
14866521
3872030903
48725919
11466448746
62626863942
1403
369294
42453505
935917
2091
35610
120702155
327310
36889758
61437
1014081495
2504483
118740
915640
15282753
14105555499
151353
68983
30215
15087
90688
4550
13189136020
341768681
33098426
344967517
42481633
3604
6545644
113609777
2744111
4996692802
272
1195252
398385892
1532372728
154276
3010065
2209213213
346023
207
7252461
84855679
49794
1002674
2627174408
416712705
213374379
2864
2756449
4406592
26832478
293197
528081208
692491976
662352
229753
1530307
235897767
8960
205132372
43567726
22806
9146403
583673115
186026453
16701
22564
16949
9048463050
13115
13115
13957210
725188182
1330423
755140838
34319089428
3347
1109
1309
54097
121045
2912543
962154754
4942513
4412740
9005102
34225968403
1795417250
80528
23055
165746
7414
32940
476103
5791916046
1611411524
671627020
1416105067
295888
17948713
275627
517590952
73622
12416781
312
995943405
398281659
631267665
26580
140818799
4176389416
55373037
96615040
27387
1625
193112
44020
10148894
1185899
809102815
11354805
35153718
1020762
549
2370152
13107
40004
40758085
3907931814
28255644
842376079
107712175
21885
97355418
735931775
6398842148
37049427296
265
70701378
585
2520941
394
675873
826917930
11869
2332683
13102143
23466001
69155672
11286
11373
62393109
1353554
124952
12408597
10479885572
6748
10533
11568
3533202
10641044
63742
2815
667679
8713
8457
16450934
16976
19575
712268
234912293
35652
299
825008
53863957
331285
550525030
12579226
15927455
3175
39752621
2698923
1074723996
186311
6683
3655238
10592829270
74165364450
9288
386567
1317190
3818135
17642200
85729
60116
386614
75334682134
81248369299
3009697863
433209
1115786889
155973
1266
1172553
275
103896301
1307
14396
35595
13459835646
1307
32463159000
4885
456217122
1111
63418028
464028524
2112607648
155973
431002
1361263
2324952966
18228496
6434554435
1846295
2942894
22
22
49292
2522539
3806323
2981169
1656880747
3646518
5848616
4067116
34287139
7383775
14128
5712947
314
60625470
2864342
47591734
5310955
149033162
4709595268
11708191001
37600607069
787111
155973
895027828
77449310
1674745264
405
108266
4479085909
2787
724033
7952521131
14177
7549
629757
51266
2284708654
1306215583
787625
27208301
69275597
27681
101207586
32943496
32943496
19043
7909
72959691850
212993540
92196616073
12556386
3024111018
4331895
183401
33175028
17076400397
1251741
9712
3864
9602887
1808614514
73046847493
11465894845
1817470
101160024
56569
42733886427
742639337
1009836
225
29245639573
9451666
116335
96615040
3158
24387
466
367
636534198
127204798
2310797881
2311382567
13547825
18206046
2281542
20914475
62238023
140446833
138126292
3699036340
1486
5908038808
540592882
44880421
123784
100273076
1495414
838803
1044231630
3172360
42478493
374215603
726189112
45062184
81004450
741313377
9132025
50996986
4370
61013092669
93474
1624337
1590434735
218431
1576
1050019425
6050053937
60410018
1129547
2477
487306556
75611507
330927
741313377
101179841
627
4691926
242023
19104438
12442171
210498
38549
1134635
491063
4099202075
461456
1261
1575725533
1994569848
241076257
23078431
1517983198
5197
3241531
3138804074
51761297
2782273
1157628
1413476
439488
6263
6641780
10085409664
499
127492518
3023871
807367417
228105948
1626285487
34877
73792027
1017180
1223540
696834004
1984168
81230
2998848
4023874
12252330
2958793
825320505
3292
2694050
10625475302
4485646
5546
948482185
10181790812
254200
1036768
31699
485195
2329982
120073559
8067880
2722921456
26570418
2865417
30106
825320505
624580639
1103034233
15763
12002512795
180671
1751641
200452
2655583
2655583
2865422
20680695
172923852
1036250861
59801
100589953
8234161501
12391
3333751
22931513051
2865430
937
100141056
1225685067
35919627
106320057
160920
130912
893301226
299783
120661204
26262688844
7428943
2537615876
711681172
4009204
583866376
21144764
6570
6641780
1310346416
16876991
6864
6525
2422
48551
5388
395632184
14751
418387655
636795793
362
8070
1222085
24101530
6898
6898
13329
914103
8064
146416154
25477208
169204857
1490
24278
574681
1903
47100171
14461589
1183296
1163127
168
1893
2446389
1323
435845149
193
957371
5317677831
52331595
116358289
647417
10659718880
6218
17519
2934
204
1500
1105
4506059373
659882886
72402
72402
105332930
414199839
526
83673405
2987894970
859606
16879
7287165
15381205490
186639477
3021494531
193968036
284379
65544204
65544148
857085
13889192
36364589
1387818
758058
9509
3458805278
394479
5132364668
4311920
88844056
2354
33341
70094
498
666269625
1608
1849663
2357997
66393277
10373669
980064
21996082
1298914353
14188
3554388524
26870
1353634
244493
15825343473
20410053858
1528785624
1005
1490020984
26252729359
4723862
8219906
259110
3685638
636
366099
43917
1086
9562048115
123900520
118980997
26245102424
9247858
9807
21355542164
40772
40772
5184262507
21354469905
156086123
63361
4059404
409274367
83822102
21314566619
125329
121164
178
329624
178035
819397
18968512
93335506
58840182
1440781
316903
1744
2615110620
1854178632
474483
452846761
21355036382
193593014
1362138322
668529783
8915876
224142082
2672830
21264291370
1461753
600034879
4146139
124388618
21255158350
1391752085
2144845
11619364
2312311827
2309403706
9004619
113657
38836412
2310216
2981084
2254015741
3653913
12357016993
56896
2471
1844
362726
2306931317
271462
19449
7941405
815
1315994419
91984
449
1362138322
960
6815
336525
2878833
10347371
336551
481062
3756204159
1325431507
8782
1657165193
16652
48133
2312228925
91075655
7288831754
582784673
16433
2049260951
1671
14485
26584
166889
8580
582956
196536872
11843508858
158727865
105401677
116104966
40980
6386
886523213
68948410
33690178837
5382
691284
3389469
29724149
28577125
743484265
19685
130115273
6890565
525269555
44172919028
13720752
6278
18943990
15994243
2844225196
17422463
17258916
58777798177
974160988
137093
1879083669
744489036
69129081
3713501
619376
1482141
1373189061
5036629
86833
284684
71447
39653486
385817640
64405876836
3211
232607
730846
47760
222845210
8786
41283854
10249
25855
25572
211029
66521079665
44169
501237
736444656
1224946
38607
4656840
26394
39882
11385
14851
5163409671
306535
835388402
776572
33463
3287
14393
62924
82916
2720827
42899039362
71342638527
240948240
836595
2818295
347478769
70465
15768519
81454630
896112
399710766
379462860
9473495
27414923
131145384
1106319147
3496369
59096554
16699247
2715975
4326558199
73944011
11949
2197186
73383749993
62252
4119062
1730776
24890558
47527
57408
387969281
14185811215
1275404
13601
139456430
5756047929
5577724047
5551029292
32158992
7023
636217635
853398255
153611457
136444391
71676445497
11135
654516581
51968098027
10128
2795
2797000120
583931367
168986437
65930324
9884
2313820012
5780267626
29741219
3495878
4157007
1553846
5469404
186599
12059
75544629
82565195
6382379
2567942
181043419
11926
165796
556363
352270
134683
23969
154746090
1071
1225233346
10903041
22875837
11061
8997952517
191001
434664217
7525069597
77004
14161
39783
68624495123
134656474
34877
106467257
414581537
3206174448
347864905
40217
48187
5267
3802097
589
895711451
65659339511
177148
16545222
895711451
87541466
100828
354412
4172
2908
716774694
1086
1514459
63578704
56503
524346750
665247879
25278847
108181
65744946924
9362
105699765
9362
37259570
81005470
95825
51592636392
37986
37532692
2286073
90202
35601
7542677
16865093
660537081
101050
67042999065
556704474
7052551
1569677370
16214363432
43165
128215
31859
399318310
666269625
506241473
22767
3659891210
2028151
202710758
79788878
64877719894
12298
8278
22491
1113068267
7047122
6616
11073424327
11992541089
2355141407
2350784281
80735
44837
154756
139450
19861104239
37129
1279305
60242
183032
37181
25569
7700993194
550806309
10579
152566830
9282714
9282740
220642
5313397
61502
62548
245874702
103890
3853182021
740901
35801
793281646
1747459
729045244
400818672
2242813657
7117222
42660
86679
1490747094
2402409670
706435
164533538
57693
134139938
16608306
17078114755
1504390
12201022
398790419
300345125
454788762
202691945
44819278
176671992
4426545
55608
13372510
1928849
17314662354
130104
1763874893
10267
805459196
12657
33863
8871
34877
34239705
6324
100849
2341777745
2325057916
26394050
566791
7444861412
489532
66350
4653
203807145
604
10477756
21417
5250381822
12612944
2045
2319751795
1344879
698117
373840
17000
634610
533115
62311927902
215934
1425957
117968
1525470
7960568
958047015
5063322
46173947
5063322
46614260
162273251
341725
49634722
1279
1007153098
5604
19340766
3216343
122839
144569
1372442
7437079410
170777683
1267
1114
68247
38056
1215798
7175017
15563
75189
62130196
52398
1251117
7273123582
149042164
61023476
1791569623
258313
657431917
152508597
15255
973245551
102564164
16545222
38073527
447005890
10182
9455
5660377
1185531051
1427455102
460114342
29470634
461685873
102621591
53095
71647
1234580
781816
6592
1233800217
1514526486
5780004124
3239000029
197146338
66227588
189203091
4071860
3326303131
4859
1711776840
17435
599257
571656
105374642
105478
2395558
658071
52277777
19209582473
247702294
60448960
37727560
160342080
2975891707
1986981
2321
2771531095
22529
2703305
3847810835
1924597730
3383107
22471330025
603242
849314
540474891
61134
16844479
9117
3686171
9038
9038
380689
4324325
5823323
425434
1390267
901
3019589145
15309882
15492518
64563712
825356
230546711
145440
136892648
34889
15386337
1014018
170427
88926
208753189
2866667
2271233
172439165
766739
12406
2946018
2336326
7458
7000
18406081
20611
27820
9730205
1252489
40909272
24565
4996284
351256274
54853822
62910543
208763
8018
666269625
37658
2612151849
14064405
2533496751
240212168
26132412
37237
3163011
81030
21060899
33319308
1342379086
118256183
334543
848965402
12016399
881576598
791671422
911916576
30929016
2162818
1292568017
372303906
998965
22
2021111508
1596497569
735894
835154014
862501
2302250706
15537161
78113936
1696498018
877170343
17266
78225463
2415576823
1833795975
36449111
257
858978349
41950180
78113525
107156
1690261
983529445
18002
383980991
22564
1026470
3394076
967830241
1941394
1086
468647
61024328
964380522
19284
1600662545
1219481
44145866
1923212995
223298
20209174
22875837
77747
46160298
973245551
560323721
870794672
3313259127
33264515201
45355236
1925596
633773
16327300
91002358
656246302
91606469
1843092
261459
7995
26002
2211188655
1708581
1339495381
65529677
397090
40526
13100231403
11281901
51443512
1307
7874
89126
1241
74738
454886250
924290454
65969901
1215067898
60824759
3716679459
67636031
11466127191
6291215
623
322
631902
4395
7515561
1832526
1113860670
1401667
136030944
611178731
595500378
3199973
35100908
73759353
32519
14325
606963941
16425
200056978
4341583
10567
2732
2672
23582
108649
199644
6589
53967238
13282561398
346678015
1307
31742
22544
294438261
2363
40022347
11202
51152
1013
15013
6589
22544
21599336
9965622
919338
20883
1037483812
72809663
300686
6432677
42481444
42477477
919337
25541716
1700710
243275
5876155781
353799241
4923287
17317865
16779895751
1042
3589831
42534119
22
133113558
70822
253635
132139524
14086
35462
641537
138500
783339
142853
2184
9987
6483749
3092086
1074909272
9606488577
9464600
2220556
747799431
5822055
13069612385
9608510379
616851
69053
790
18551
226
23179660
293130661
856315363
7842
11229
213
20814
9608506073
172878896
2714138
788202
147968527
226
1033
1341
447
57771883
1644
172947709
252801
245874702
2680
444
1658
15074080
1080
520026771
18735084
6519394
89387
30828393
18601604
1038
119209
94126
37564
178742
345531
74612593
45324452
433888
11590
3306258
7721203852
773448331
1163279570
7171
79618513
1288630102
44026
62645
5471432
27213334
8026071
1288
69529524
11466874232
16068879
1180517952
461966
1881242
4805
325053
2467305716
55097979417
627526
1798671
5682754
206094
2626417953
8939856513
36603551564
344599
1084425
16184451
533115
3749
30153
610379
8468
3151531
1735460
7553
3419856
167891
21378370291
7671568
524613438
4289308
1143
884971227
18828862661
9751
6070949
50614
17195806
9227058506
955478092
371432
23266733
17637
1295149
3929
800365071
73389
19690
858
9144796
5318082
514257
29823111515
169941
11556268
94999949
4022547
618129
1052907
89858
2616395
18114536
26194081
1074
25437136
962983
17439123893
163547435
328108929
12895
233109002
1659115
16353811246
15957525
47383
3651542
190947
16759
259119929
261616
255441
16738760192
175782
1526793
28080129
16759
24946856
266637705
3474876653
223
3214
420955
1013979
6620090
458055780
779755
44169
40357
134102
2203509430
3876
19694
45067097
2579205
1971449
624907
15991594
11244
5343
882291565
3994742512
9711045209
86891
81118217
4072
475796968
96211
12164
392066638
1079283248
6427650557
1610571
1561720
1610571
49796
189246
699344
230716
122368
19297
383980991
179634138
6213
516282
58540
165972
3354183
16584379
225190654
869227
58540
92463
65234
382
119856407
8931065
452565
21664
170731
4678947
